departamento  organico_t  inorganico_t  total_t  tasa_pct
        LIMA     54905.3      109155.2 164060.5      1.07
       LIMA      54711.9      108675.5 163387.3      1.07
       JUNIN     13976.0        5034.5  19010.5      2.93
       CUSCO     14991.5        3906.9  18898.4      3.69
      CALLAO      6762.2       11350.4  18112.5      0.97
     HUANUCO     13827.2        2141.9  15969.1      3.69
       PIURA      5370.9       10159.7  15530.6      1.31
        PUNO      5959.4        5634.4  11593.8      1.78
 LA LIBERTAD      4970.1        5491.6  10461.7      0.98
    AREQUIPA      3775.1        5461.5   9236.5      0.97
  SAN MARTIN      6625.8        1658.3   8284.1      1.77
         ICA      2746.1        4780.9   7526.9      1.06
      LORETO      3005.0        4148.7   7153.7      1.13
      ANCASH      3549.3        3057.4   6606.7      1.25
   CAJAMARCA      4445.3        1688.2   6133.6      2.26